1 205
2 6
3 2
4 100
5 2
6 0
7 5517
8 6
9 8
10 8
11 59
12 11
13 12
15 59
16 15
17 59
18 15
19 15
20 2
21 2
22 21
23 21
24 23
25 23
27 57
28 202
29 202
30 206
30 5560
31 30
31 208
32 30
32 207
33 204
34 204
35 205
38 12
40 23
41 0
42 15
44 41
45 10
47 9
49 8
50 59
51 41
52 11
53 213
53 7673
54 15
56 11
57 41
58 9
59 6
60 57
61 59
62 58
63 57
64 12
66 25
67 57
68 25
69 1065
70 85
71 57
74 21
75 57
76 21
77 1065
78 5519
79 23
80 41
81 28
83 28
84 177
85 24
86 1065
87 1098
87 5593
88 0
89 5519
90 87
92 87
93 5519
95 1563
96 21
97 58
100 2
101 62
102 100
104 58
105 97
106 9
109 5518
110 1106
112 10
112 333
112 5593
114 10
116 9
118 9
120 5027
122 1533
124 122
126 124
128 124
130 124
132 124
134 2
136 23
138 136
140 325
142 24
144 136
146 136
150 3
152 150
154 10
156 100
158 156
160 156
162 134
164 2
166 5576
168 2
170 168
172 59
174 15
176 15
177 41
178 2
179 6
180 6
181 2
183 2
184 5
184 20
200 44
201 44
202 44
203 217
204 6151
205 361
206 5554
207 206
208 206
209 206
209 5561
210 207
210 209
211 208
211 209
212 0
213 212
213 501
214 80
215 80
216 80
218 217
219 220
220 6
221 219
222 221
223 221
224 221
225 219
226 85
227 226
228 226
229 226
230 226
231 5519
232 6
233 232
234 232
235 232
237 233
238 232
239 232
240 59
241 59
242 240
243 240
244 212
244 352
245 244
245 7673
247 200
247 250
248 200
248 249
249 44
249 251
250 44
250 252
251 41
251 501
252 41
252 352
253 51
253 252
254 51
254 251
255 202
255 250
256 202
256 249
257 28
257 255
258 28
258 256
259 29
259 256
260 29
260 255
261 81
261 258
262 81
262 257
263 83
263 258
264 83
264 257
265 201
265 249
266 201
266 250
267 5517
268 2
269 6
269 352
270 8
270 269
272 101
272 276
273 97
273 275
274 69
274 1198
275 58
275 291
276 62
276 275
277 105
277 273
278 93
278 269
279 112
279 284
279 314
281 114
281 284
282 154
282 284
283 45
283 284
284 10
284 270
285 104
285 275
287 116
287 291
288 110
288 1240
289 47
289 291
290 118
290 291
291 9
291 270
292 15
293 21
294 25
295 9
298 59
299 298
300 87
301 87
302 204
302 6155
303 34
303 302
304 33
304 302
305 205
305 352
306 1
306 305
307 35
307 305
308 80
309 9
310 9
311 0
312 311
312 352
313 311
313 501
314 2
314 269
315 15
315 7634
316 11
316 7634
317 177
317 252
318 252
318 308
319 214
319 252
320 216
320 252
321 215
321 252
322 313
323 313
324 2
325 6
326 200
327 326
328 326
329 247
329 327
330 247
330 328
331 328
331 7825
332 327
332 7825
333 337
334 2
335 2
336 5007
337 2
338 337
339 337
340 6
341 20
342 295
343 342
344 342
345 200
346 342
346 6068
347 342
347 6069
348 343
348 347
349 343
349 346
350 344
350 347
351 346
351 350
352 0
353 21
353 314
354 84
354 317
355 80
358 9
359 9
360 6
361 0
362 361
362 7672
363 362
363 7669
363 7832
364 363
366 363
501 0
1001 5007
1002 1565
1003 5008
1004 5012
1005 5019
1006 1565
1007 5502
1008 5004
1009 240
1010 325
1011 5034
1012 59
1013 40
1014 40
1015 40
1016 2
1017 5021
1018 1107
1019 5034
1020 1565
1021 1565
1022 5019
1023 5517
1024 15
1025 337
1026 324
1027 2
1028 21
1029 337
1030 1091
1031 1090
1032 59
1033 24
1034 5031
1035 1050
1036 5034
1037 5019
1038 15
1039 5034
1040 5518
1042 15
1043 269
1043 1044
1044 5517
1045 23
1046 21
1047 1534
1047 1836
1048 21
1049 325
1050 1051
1051 324
1052 325
1053 5517
1054 40
1055 5517
1057 1546
1058 1547
1059 1552
1060 1548
1061 1549
1062 1550
1063 1551
1064 1553
1065 1554
1066 1555
1067 1556
1068 1558
1069 1557
1070 1559
1071 168
1072 1561
1073 1562
1074 1546
1075 1547
1076 1548
1077 1549
1078 1550
1079 1552
1080 1551
1081 1553
1082 1554
1083 1555
1084 1556
1085 1558
1086 1559
1087 168
1088 1561
1089 1562
1090 5027
1091 5027
1092 21
1093 21
1094 6
1095 25
1096 5504
1097 324
1098 324
1099 1565
1100 5034
1101 5034
1102 5517
1103 59
1104 5034
1105 6
1106 5518
1107 5008
1108 24
1109 2
1110 23
1111 2
1112 24
1113 15
1114 5019
1115 2
1116 5517
1117 5517
1118 220
1119 1096
1120 2
1121 5517
1123 2
1124 5519
1126 5504
1127 21
1128 59
1129 5
1130 1035
1131 5027
1132 1096
1133 5034
1134 2
1136 5007
1137 240
1138 314
1138 1001
1139 314
1139 1004
1140 314
1140 1005
1141 314
1141 1003
1142 314
1142 1002
1143 314
1143 1006
1144 314
1144 1007
1145 314
1145 1008
1146 1009
1146 7634
1147 1010
1147 7680
1148 314
1148 1011
1149 1012
1149 7634
1150 1013
1150 6078
1151 1014
1151 6078
1152 1015
1152 6078
1153 314
1153 1016
1154 314
1154 1017
1155 1018
1155 1241
1156 314
1156 1019
1157 314
1157 1020
1158 314
1158 1021
1159 314
1159 1022
1160 269
1160 1023
1161 315
1161 1024
1162 314
1162 1025
1163 1026
1163 1256
1164 353
1164 1028
1165 314
1165 1027
1166 314
1166 1029
1167 1031
1167 1224
1168 1030
1168 1225
1169 1032
1169 7634
1170 1033
1170 6076
1171 269
1171 1034
1172 1035
1172 1185
1173 314
1173 1036
1174 314
1174 1037
1175 315
1175 1038
1176 314
1176 1039
1177 269
1177 1040
1179 315
1179 1042
1180 1045
1180 6075
1181 353
1181 1046
1182 314
1182 1047
1182 1838
1183 353
1183 1048
1184 1049
1184 7680
1185 1050
1185 1187
1186 269
1186 1053
1187 1051
1187 1256
1188 1054
1188 6078
1189 269
1189 1055
1190 314
1190 1057
1191 314
1191 1058
1192 314
1192 1060
1193 314
1193 1061
1194 314
1194 1062
1195 314
1195 1063
1196 314
1196 1059
1197 314
1197 1064
1198 314
1198 1065
1199 314
1199 1066
1200 314
1200 1067
1201 314
1201 1069
1202 1068
1202 5801
1203 314
1203 1070
1204 314
1204 1071
1205 314
1205 1072
1206 314
1206 1073
1207 314
1207 1074
1208 314
1208 1075
1209 314
1209 1076
1210 314
1210 1077
1211 314
1211 1078
1212 314
1212 1080
1213 314
1213 1079
1214 314
1214 1081
1215 314
1215 1082
1216 314
1216 1083
1217 314
1217 1084
1218 1085
1218 5801
1219 314
1219 1086
1220 314
1220 1087
1221 314
1221 1088
1222 314
1222 1089
1224 1090
1224 6049
1225 1091
1225 6049
1226 353
1226 1092
1227 353
1227 1093
1228 269
1228 1094
1229 1095
1229 6077
1230 269
1230 1096
1231 1097
1231 1256
1232 1098
1232 1256
1233 314
1233 1099
1234 314
1234 1100
1235 314
1235 1101
1236 269
1236 1102
1237 1103
1237 7634
1238 269
1238 1105
1239 314
1239 1104
1240 269
1240 1106
1241 314
1241 1107
1242 1108
1242 6076
1243 314
1243 1109
1244 1110
1244 6075
1245 1112
1245 6076
1246 314
1246 1111
1247 315
1247 1113
1248 314
1248 1114
1249 314
1249 1115
1250 269
1250 1116
1251 269
1251 1117
1252 269
1252 1118
1253 1119
1253 1230
1254 314
1254 1120
1255 269
1255 1121
1256 314
1256 324
1257 269
1257 1124
1258 269
1258 1126
1259 1128
1259 7634
1260 1137
1260 7634
1261 314
1261 1136
1263 314
1263 1134
1264 314
1264 1133
1265 1132
1265 1230
1266 1131
1266 6049
1267 1130
1267 1172
1268 1129
1268 5801
1269 353
1269 1127
1270 89
1270 269
1271 314
1271 1123
1272 1052
1272 7680
1273 17
1273 7634
1522 5516
1533 2
1534 1533
1546 2
1547 2
1548 2
1549 2
1550 2
1551 2
1552 2
1553 2
1554 2
1555 2
1556 2
1557 2
1558 5
1559 2
156 1560
156 6069
1560 295
1561 2
1562 2
1563 1565
1565 2
1566 109
1567 1566
1567 1808
1568 1566
1568 7475
157 1571
157 7082
1570 1560
1570 6068
1571 7081
1572 1571
1572 7627
1574 2
1575 1574
1575 7307
1576 314
1576 1574
1577 1574
1578 1575
1578 1577
1579 1576
1579 1577
1580 1096
1581 1580
1581 7433
1582 1230
1582 1580
1583 18
1584 1583
1584 7556
1585 1583
1585 6050
1586 1096
1587 1586
1587 7433
1588 1230
1588 1586
1589 1098
1590 1589
1591 1589
1592 6
1593 1592
1593 7297
1594 269
1594 1592
1598 219
1599 1598
1599 7813
1600 269
1600 1598
1601 24
1601 136
1603 1565
1801 49
1802 49
1803 49
1804 49
1805 49
1806 226
1807 96
1807 353
1808 109
1808 269
1809 325
1810 136
1811 1115
1812 293
1813 6163
1814 136
1815 136
1816 49
1817 24
1818 136
1819 9
1820 219
1822 1091
1823 1034
1824 23
1825 23
1826 136
1827 136
1828 352
1828 7850
1829 49
1830 6
1831 1830
1831 7297
1832 269
1832 1830
1833 1830
1834 1831
1834 1833
1835 1832
1835 1833
1836 8
1837 1836
1837 7298
1838 270
1838 1836
1839 1836
1840 1837
1840 1839
1841 1838
1841 1839
1842 5529
1843 1842
1843 7478
1844 1842
1844 5530
1845 1565
1846 1845
1847 1845
5004 1565
5007 1565
5008 5007
5011 5004
5012 1565
5019 2
5021 1565
5027 15
5031 6
5033 1098
5033 5031
5034 1565
5500 1557
5501 314
5501 5500
5502 2
5503 337
5504 6
5505 28
5506 1113
5507 1113
5508 1113
5509 15
5511 59
5512 15
5513 15
5514 15
5515 15
5516 6
5517 5516
5518 5516
5519 5516
5520 5516
5521 1106
5522 5519
5523 269
5523 5522
5526 5517
5527 269
5527 5526
5528 15
5529 15
5530 315
5530 5529
5531 5555
5532 28
5533 5531
5534 28
5535 202
5536 28
5537 49
5542 352
5542 5553
5543 352
5543 5552
5544 5545
5544 5610
5545 5549
5546 5550
5546 5610
5547 352
5547 5548
5548 88
5549 88
5550 5549
5551 88
5552 5551
5553 5551
5554 200
5555 200
5556 247
5556 5555
5557 248
5557 5555
5558 5531
5558 5556
5559 5531
5559 5557
5560 247
5560 5554
5561 248
5561 5554
5562 1558
5563 5576
5564 164
5566 164
5570 164
5571 164
5572 5576
5573 6012
5574 6012
5575 6012
5576 164
5577 164
5578 1098
5579 90
5579 6031
5580 268
5580 314
5581 267
5581 269
5582 6012
5583 5576
5584 5576
5585 1096
5586 1230
5586 5585
5587 1098
5588 1098
5589 1232
5589 5587
5590 1232
5590 5588
5591 90
5591 5033
5592 5579
5592 5591
5592 6003
5593 2
5594 87
5595 5594
5595 6031
5596 5033
5596 5594
5597 5595
5597 5596
5597 6003
5598 5588
5599 7
5599 5598
5600 7
5600 5587
5601 5589
5601 5600
5601 5804
5603 1096
5604 5007
5605 7083
5606 6
5607 5021
5608 5021
5609 5021
5610 352
5610 5549
5613 1237
5614 314
5614 5503
5615 270
5615 1801
5616 270
5616 1802
5617 270
5617 1803
5618 230
5618 7786
5619 1806
5619 7786
5620 227
5620 5644
5621 229
5621 7786
5622 257
5622 5534
5623 258
5623 5534
5624 257
5624 5532
5625 258
5625 5532
5626 1815
5626 6083
5627 1824
5627 6075
5628 1824
5628 7384
5629 1809
5629 7680
5630 97
5630 7301
5631 1810
5631 6083
5632 1249
5632 1811
5633 270
5633 1829
5634 1812
5634 6088
5635 1812
5635 7510
5636 270
5636 1816
5637 1816
5637 7765
5638 95
5638 314
5639 95
5639 7778
5640 1817
5640 6076
5641 270
5641 1804
5642 1813
5642 6165
5643 1818
5643 6083
5644 85
5644 6076
5645 269
5645 5520
5646 5520
5646 7816
5647 1825
5647 6075
5648 270
5648 1805
5649 255
5649 5535
5650 256
5650 5535
5651 5526
5651 7819
5652 1814
5652 6083
5653 106
5653 291
5654 5533
5654 5558
5655 5533
5655 5559
5656 1827
5656 6083
5657 291
5657 1819
5658 257
5658 5536
5659 258
5659 5536
5660 231
5660 269
5661 269
5661 1820
5662 257
5662 5505
5663 258
5663 5505
5666 1240
5666 5521
5667 315
5667 5528
5668 1225
5668 1822
5669 1826
5669 6083
5670 1171
5670 1823
5671 1823
5671 7374
5672 270
5672 5537
5673 59
5674 5673
5674 7634
5675 59
5676 5675
5676 7634
5800 2
5801 5
5801 314
5802 269
5802 5606
5803 2
5804 7
5804 269
5805 68
5805 6077
6001 17
6001 49
6002 270
6002 1273
6002 6001
6003 1232
6003 5033
6004 1232
6004 5578
6005 100
6005 314
6006 164
6006 314
6007 230
6007 5644
6008 1806
6008 5644
6009 229
6009 5644
6010 136
6011 6010
6011 6083
6012 164
6013 6006
6013 6012
6014 6012
6015 6013
6015 6014
6016 33
6017 304
6017 6016
6018 205
6019 305
6019 6018
6020 5007
6021 314
6021 6020
6022 6020
6023 6021
6023 6022
6024 6020
6025 6021
6025 6024
6026 6020
6027 6021
6027 6026
6028 6020
6029 6021
6029 6028
6030 70
6030 5644
6031 87
6031 1232
6032 59
6033 6032
6033 7634
6034 1115
6035 1249
6035 6034
6036 6034
6037 6035
6037 6036
6038 164
6038 6034
6039 6006
6039 6035
6039 6038
6040 6038
6041 6039
6041 6040
6042 4
6042 6005
6043 164
6044 6006
6044 6043
6045 6043
6046 6044
6046 6045
6047 6043
6048 6044
6048 6047
6049 315
6049 5027
6050 18
6050 315
6051 292
6051 315
6052 19
6052 315
6053 59
6054 6053
6054 7634
6055 0
6056 352
6056 6055
6057 501
6057 6055
6058 6055
6059 6056
6059 6058
6060 6057
6060 6058
6061 5599
6061 5804
6061 6062
6062 5590
6062 5598
6063 120
6063 6049
6064 183
6064 314
6066 1115
6067 1249
6067 6066
6068 291
6068 295
6069 295
6069 7303
6070 5033
6071 6003
6071 6070
6072 5578
6073 6004
6073 6072
6074 22
6074 353
6075 23
6075 353
6076 24
6076 6075
6077 25
6077 6075
6078 40
6078 6075
6079 66
6079 6077
6080 74
6080 353
6081 76
6081 353
6082 79
6082 6075
6083 136
6083 6075
6084 138
6084 6083
6085 142
6085 6076
6086 144
6086 6083
6087 146
6087 6083
6088 293
6088 353
6089 294
6089 6077
6090 1601
6090 6076
6090 6083
6091 12
6091 316
6092 13
6092 6091
6093 38
6093 6091
6094 52
6094 316
6095 54
6095 315
6096 56
6096 316
6097 64
6097 6091
6098 15
6099 315
6099 6098
6100 15
6101 315
6101 6100
6135 7672
6136 6135
6137 6135
6138 7672
6139 6138
6140 6138
6141 7672
6142 6141
6143 6141
6144 6141
6145 6144
6146 6144
6151 0
6152 6151
6153 6151
6154 6153
6155 352
6155 6151
6156 501
6156 6151
6157 6153
6157 6155
6158 6153
6158 6156
6159 6154
6159 6157
6160 6154
6160 6158
6161 6152
6161 6155
6162 6152
6162 6156
6163 1105
6164 6163
6164 7441
6165 1238
6165 6163
6166 1105
6167 6166
6167 7441
6168 1238
6168 6166
6169 112
6170 279
6170 6169
6171 6169
6171 7306
7000 15
7000 6055
7001 315
7001 6056
7001 7000
7002 11
7002 6055
7003 316
7003 6056
7003 7002
7004 2
7004 6055
7005 314
7005 6056
7005 7004
7006 8
7006 6055
7007 270
7007 6056
7007 7006
7008 24
7009 6076
7009 7008
7011 212
7012 212
7013 244
7013 7011
7014 244
7014 7012
7015 335
7016 314
7016 7015
7017 1115
7018 1249
7018 7017
7019 40
7020 6078
7020 7019
7021 7019
7022 7020
7022 7021
7023 7019
7024 7020
7024 7023
7025 7019
7026 7020
7026 7025
7027 7019
7028 7020
7028 7027
7029 7019
7030 7020
7030 7029
7031 40
7032 6078
7032 7031
7033 40
7034 6078
7034 7033
7035 134
7036 314
7036 7035
7037 5019
7038 314
7038 7037
7039 1563
7040 314
7040 7039
7041 1098
7042 1232
7042 7041
7043 5033
7044 6003
7044 7043
7045 5033
7046 6003
7046 7045
7047 1098
7048 1232
7048 7047
7049 1098
7050 1232
7050 7049
7051 1098
7052 1232
7052 7051
7053 1098
7054 1232
7054 7053
7055 1098
7056 1232
7056 7055
7057 5587
7058 5589
7058 7057
7059 5587
7060 5589
7060 7059
7061 5031
7062 269
7062 7061
7063 7061
7064 7062
7064 7063
7065 7061
7066 7062
7066 7065
7067 7077
7068 7067
7068 7078
7069 5019
7070 314
7070 7069
7071 6020
7072 6021
7072 7071
7073 25
7074 6077
7074 7073
7075 59
7076 7075
7076 7634
7077 59
7078 7077
7078 7634
7079 7077
7080 7078
7080 7079
7081 7077
7082 7078
7082 7081
7083 1563
7084 314
7084 7083
7085 7083
7086 7084
7086 7085
7087 8
7088 270
7088 7087
7089 16
7089 315
7090 27
7090 252
7092 42
7092 315
7093 50
7093 7634
7094 60
7094 252
7095 61
7095 7634
7096 63
7096 252
7097 67
7097 252
7098 71
7098 252
7099 75
7099 252
7100 77
7100 1198
7101 78
7101 269
7102 86
7102 1198
7103 92
7103 6031
7104 102
7104 6005
7106 126
7106 314
7107 128
7107 314
7108 130
7108 314
7109 132
7109 314
7110 140
7110 7680
7111 152
7111 314
7112 158
7112 6005
7113 160
7113 6005
7114 162
7114 314
7115 166
7115 6006
7116 172
7116 7634
7117 174
7117 315
7118 176
7118 315
7119 178
7119 314
7120 179
7120 269
7121 180
7121 269
7122 181
7122 314
7123 184
7123 5801
7123 7707
7125 222
7125 269
7126 223
7126 269
7127 224
7127 269
7128 225
7128 269
7129 228
7129 5644
7130 234
7130 269
7131 235
7131 269
7133 237
7133 269
7134 238
7134 269
7135 239
7135 269
7136 241
7136 7634
7137 242
7137 7634
7138 243
7138 7634
7141 299
7141 7634
7142 300
7142 6031
7143 301
7143 6031
7144 291
7144 309
7145 291
7145 310
7146 314
7146 334
7147 314
7147 336
7148 314
7148 338
7149 314
7149 339
7150 269
7150 340
7151 341
7151 7707
7152 247
7152 345
7153 252
7153 355
7154 291
7154 358
7155 291
7155 359
7156 269
7156 360
7157 314
7157 1603
7159 314
7159 5011
7160 1247
7160 5506
7161 1247
7161 5507
7162 1247
7162 5508
7163 315
7163 5509
7164 5511
7164 7634
7165 315
7165 5512
7166 315
7166 5513
7167 315
7167 5514
7168 315
7168 5515
7169 5562
7169 5801
7170 5563
7170 6006
7171 5564
7171 6006
7172 5566
7172 6006
7173 5570
7173 6006
7174 5571
7174 6006
7175 5572
7175 6006
7176 5573
7176 6013
7177 5574
7177 6013
7178 5575
7178 6013
7179 5577
7179 6006
7180 5582
7180 6013
7181 5583
7181 6006
7182 5584
7182 6006
7184 1230
7184 5603
7185 314
7185 5604
7186 314
7186 5607
7187 314
7187 5608
7188 314
7188 5609
7191 1237
7192 314
7192 5803
7193 16
7193 7325
7194 27
7194 7824
7196 42
7196 7325
7197 50
7197 7635
7198 60
7198 7824
7199 61
7199 7635
7200 63
7200 7824
7201 67
7201 7824
7202 71
7202 7824
7203 75
7203 7824
7204 77
7204 7401
7205 78
7205 7817
7206 86
7206 7401
7207 92
7207 7486
7208 102
7208 7534
7210 126
7210 7808
7211 128
7211 7808
7212 130
7212 7808
7213 132
7213 7808
7214 140
7214 7681
7215 152
7215 7804
7216 158
7216 7787
7217 160
7217 7787
7218 162
7218 7789
7219 166
7219 7766
7220 172
7220 7635
7221 174
7221 7325
7222 176
7222 7325
7223 178
7223 7307
7224 179
7224 7297
7225 180
7225 7297
7226 181
7226 7307
7227 184
7227 7468
7227 7785
7229 222
7229 7814
7230 223
7230 7814
7231 224
7231 7814
7232 225
7232 7813
7233 228
7233 7786
7234 234
7234 7822
7235 235
7235 7822
7237 237
7237 7823
7238 238
7238 7822
7239 239
7239 7822
7240 241
7240 7635
7241 242
7241 7810
7242 243
7242 7810
7245 299
7245 7811
7246 300
7246 7486
7247 301
7247 7486
7248 309
7248 7303
7249 310
7249 7303
7250 334
7250 7307
7251 336
7251 7775
7252 338
7252 7769
7253 339
7253 7769
7254 340
7254 7297
7255 341
7255 7785
7256 248
7256 345
7257 355
7257 7826
7258 358
7258 7303
7259 359
7259 7303
7260 360
7260 7297
7261 1603
7261 7773
7263 5011
7263 7774
7264 5506
7264 7448
7265 5507
7265 7448
7266 5508
7266 7448
7267 5509
7267 7325
7268 5511
7268 7635
7269 5512
7269 7325
7270 5513
7270 7325
7271 5514
7271 7325
7272 5515
7272 7325
7273 5562
7273 7767
7274 5563
7274 7766
7275 5564
7275 7535
7276 5566
7276 7535
7277 5570
7277 7535
7278 5571
7278 7535
7279 5572
7279 7766
7280 5573
7280 7537
7281 5574
7281 7537
7282 5575
7282 7537
7283 5577
7283 7535
7284 5582
7284 7537
7285 5583
7285 7766
7286 5584
7286 7766
7288 5603
7288 7433
7289 5604
7289 7775
7290 5607
7290 7780
7291 5608
7291 7780
7292 5609
7292 7780
7295 5613
7295 7191
7295 7440
7296 5803
7296 7307
7297 6
7297 501
7298 8
7298 7297
7299 101
7299 7300
7300 62
7300 7301
7301 58
7301 7303
7302 69
7302 7401
7303 9
7303 7298
7304 105
7304 5630
7305 93
7305 7817
7306 112
7306 7309
7306 7770
7306 7796
7307 2
7307 7297
7309 10
7309 7298
7310 114
7310 7309
7311 154
7311 7309
7312 45
7312 7309
7313 104
7313 7301
7314 116
7314 7303
7315 110
7315 7316
7316 1106
7316 7818
7317 47
7317 7303
7318 118
7318 7303
7319 204
7319 6156
7320 34
7320 7319
7321 33
7321 7319
7322 205
7322 7832
7323 1
7323 7322
7324 35
7324 7322
7325 15
7325 7635
7326 11
7326 7635
7327 177
7327 251
7328 308
7328 7826
7329 214
7329 7826
7330 216
7330 7826
7331 215
7331 7826
7332 21
7332 7307
7333 84
7333 7327
7334 1044
7334 7819
7335 1001
7335 7775
7336 1004
7336 7781
7337 1005
7337 7798
7338 1003
7338 7776
7339 1002
7339 7773
7340 1006
7340 7773
7341 1007
7341 7793
7342 1008
7342 7774
7343 1009
7343 7810
7344 1010
7344 7681
7345 1011
7345 7777
7346 1012
7346 7635
7347 1013
7347 7348
7348 40
7348 7384
7349 1014
7349 7348
7350 1015
7350 7348
7351 1016
7351 7307
7352 1017
7352 7780
7353 1018
7353 7354
7354 1107
7354 7776
7355 1019
7355 7777
7356 1020
7356 7773
7357 1021
7357 7773
7358 1022
7358 7798
7359 1023
7359 7819
7360 1024
7360 7325
7361 1025
7361 7769
7362 1026
7362 7363
7363 324
7363 7307
7364 1028
7364 7332
7365 1027
7365 7307
7366 1029
7366 7769
7367 1031
7367 7368
7368 1090
7368 7427
7369 1030
7369 7370
7370 1091
7370 7427
7371 1032
7371 7635
7372 1033
7372 7373
7373 24
7373 7384
7374 1034
7374 7815
7375 1035
7375 7376
7376 1050
7376 7389
7377 1036
7377 7777
7378 1037
7378 7798
7379 1038
7379 7325
7380 1039
7380 7777
7381 1040
7381 7818
7382 1042
7382 7325
7383 1045
7383 7384
7384 23
7384 7332
7385 1046
7385 7332
7386 1047
7386 1837
7386 7809
7387 1048
7387 7332
7388 1049
7388 7681
7389 1051
7389 7363
7390 1053
7390 7819
7391 1054
7391 7348
7392 1055
7392 7819
7393 1057
7393 7794
7394 1058
7394 7782
7395 1060
7395 7771
7396 1061
7396 7790
7397 1062
7397 7795
7398 1063
7398 7802
7399 1059
7399 7791
7400 1064
7400 7800
7401 1065
7401 7783
7402 1066
7402 7792
7403 1067
7403 7772
7404 1069
7404 7797
7405 1068
7405 7767
7406 1070
7406 7788
7407 1071
7407 7768
7408 1072
7408 7799
7409 1073
7409 7801
7410 1074
7410 7794
7411 1075
7411 7782
7412 1076
7412 7771
7413 1077
7413 7790
7414 1078
7414 7795
7415 1080
7415 7802
7416 1079
7416 7791
7417 1081
7417 7800
7418 1082
7418 7783
7419 1083
7419 7792
7420 1084
7420 7772
7421 1085
7421 7767
7422 1086
7422 7788
7423 1087
7423 7768
7424 1088
7424 7799
7425 1089
7425 7801
7427 5027
7427 7325
7428 1092
7428 7332
7429 1093
7429 7332
7430 1094
7430 7297
7431 1095
7431 7432
7432 25
7432 7384
7433 1096
7433 7821
7434 1097
7434 7363
7435 1098
7435 7363
7436 1099
7436 7773
7437 1100
7437 7777
7438 1101
7438 7777
7439 1102
7439 7819
7440 1103
7440 7635
7441 1105
7441 7297
7442 1104
7442 7777
7443 1108
7443 7373
7444 1109
7444 7307
7445 1110
7445 7384
7446 1112
7446 7373
7447 1111
7447 7307
7448 1113
7448 7325
7449 1114
7449 7798
7450 1115
7450 7307
7451 1116
7451 7819
7452 1117
7452 7819
7453 1118
7453 7812
7454 1119
7454 7433
7455 1120
7455 7307
7456 1121
7456 7819
7457 1124
7457 7817
7458 1126
7458 7821
7459 1128
7459 7635
7460 1137
7460 7810
7461 1136
7461 7775
7462 1134
7462 7307
7463 1133
7463 7777
7464 1132
7464 7433
7465 1131
7465 7427
7466 1130
7466 7375
7467 1129
7467 7468
7468 5
7468 7307
7469 1127
7469 7332
7470 89
7470 7817
7471 1123
7471 7307
7472 1052
7472 7681
7473 17
7473 7635
7474 96
7474 7332
7475 109
7475 7818
7476 5500
7476 7797
7477 5522
7477 7817
7478 5529
7478 7325
7479 5553
7479 7828
7480 5552
7480 7828
7481 5545
7481 7482
7482 5549
7482 7827
7483 5550
7483 7482
7484 5548
7484 7827
7485 90
7485 7486
7486 87
7486 7435
7486 7796
7487 268
7487 7307
7488 267
7488 7819
7489 5585
7489 7433
7490 5587
7490 7435
7491 5588
7491 7435
7492 5591
7492 7485
7492 7493
7493 5033
7493 7435
7493 7815
7494 5594
7494 7486
7495 5596
7495 7493
7495 7494
7496 5600
7496 7490
7496 7497
7497 7
7497 7819
7498 5503
7498 7769
7499 1801
7499 7765
7500 1802
7500 7765
7501 1803
7501 7765
7502 227
7502 7786
7503 85
7503 7373
7504 1815
7504 7505
7505 136
7505 7384
7506 1809
7506 7681
7507 1810
7507 7505
7508 1811
7508 7450
7509 1829
7509 7765
7510 293
7510 7332
7511 1817
7511 7373
7512 1804
7512 7765
7513 1813
7513 6164
7514 1818
7514 7505
7515 1825
7515 7384
7516 1805
7516 7765
7517 1814
7517 7505
7518 106
7518 7303
7519 1827
7519 7505
7520 1819
7520 7303
7521 231
7521 7817
7522 1820
7522 7813
7523 5521
7523 7316
7524 5528
7524 7325
7525 1822
7525 7370
7526 1826
7526 7505
7527 5537
7527 7765
7528 5673
7528 7635
7529 5675
7529 7635
7530 5606
7530 7297
7531 68
7531 7432
7532 6001
7532 7473
7532 7765
7533 5578
7533 7435
7534 100
7534 7307
7535 164
7535 7307
7536 6010
7536 7505
7537 6012
7537 7535
7538 6014
7538 7537
7539 6016
7539 7321
7540 6018
7540 7322
7541 6020
7541 7775
7542 6022
7542 7541
7543 6024
7543 7541
7544 6026
7544 7541
7545 6028
7545 7541
7546 70
7546 7503
7547 6032
7547 7635
7548 6034
7548 7450
7549 6036
7549 7548
7550 6038
7550 7535
7550 7548
7551 6040
7551 7550
7552 4
7552 7534
7553 6043
7553 7535
7554 6045
7554 7553
7555 6047
7555 7553
7556 18
7556 7325
7557 292
7557 7325
7558 19
7558 7325
7559 6053
7559 7635
7560 5599
7560 7497
7560 7561
7561 5598
7561 7491
7562 120
7562 7427
7563 183
7563 7307
7564 6066
7564 7450
7565 6070
7565 7493
7566 6072
7566 7533
7567 22
7567 7332
7568 66
7568 7432
7569 74
7569 7332
7570 76
7570 7332
7571 79
7571 7384
7572 138
7572 7505
7573 142
7573 7373
7574 144
7574 7505
7575 146
7575 7505
7576 294
7576 7432
7577 1601
7577 7373
7577 7505
7578 12
7578 7326
7579 13
7579 7578
7580 38
7580 7578
7581 52
7581 7326
7582 54
7582 7325
7583 56
7583 7326
7584 64
7584 7578
7585 6098
7585 7325
7586 6100
7586 7325
7587 6057
7587 7000
7587 7325
7588 6057
7588 7002
7588 7326
7589 6057
7589 7004
7589 7307
7590 6057
7590 7006
7590 7298
7591 7008
7591 7373
7592 213
7592 7011
7593 213
7593 7012
7594 7015
7594 7805
7595 7017
7595 7450
7596 7019
7596 7348
7597 7021
7597 7596
7598 7023
7598 7596
7599 7025
7599 7596
7600 7027
7600 7596
7601 7029
7601 7596
7602 7031
7602 7348
7603 7033
7603 7348
7604 7035
7604 7789
7605 7037
7605 7798
7606 7039
7606 7778
7607 7041
7607 7435
7608 7043
7608 7493
7609 7045
7609 7493
7610 7047
7610 7435
7611 7049
7611 7435
7612 7051
7612 7435
7613 7053
7613 7435
7614 7055
7614 7435
7615 7057
7615 7490
7616 7059
7616 7490
7617 7061
7617 7815
7618 7063
7618 7617
7619 7065
7619 7617
7620 7067
7620 7625
7621 7069
7621 7798
7622 7071
7622 7541
7623 7073
7623 7432
7624 7075
7624 7635
7625 7077
7625 7635
7626 7079
7626 7625
7627 7081
7627 7625
7628 7083
7628 7778
7629 7085
7629 7628
7630 7087
7630 7298
7631 362
7631 7668
7632 170
7632 314
7633 170
7633 7768
7634 59
7634 269
7635 59
7635 7297
7636 7647
7637 7647
7638 7637
7639 7637
7640 7637
7641 7647
7642 7641
7643 7641
7644 7641
7645 7647
7646 7647
7647 205
7649 352
7649 7648
7650 501
7650 7648
7652 352
7652 7651
7653 501
7653 7651
7656 352
7656 7655
7657 501
7657 7655
7659 352
7659 7658
7660 501
7660 7658
7661 212
7662 7661
7662 7674
7663 7662
7663 7675
7664 7662
7664 7676
7664 7829
7665 7661
7665 7673
7666 245
7666 7665
7667 53
7667 7665
7667 7829
7668 352
7668 7672
7669 501
7669 7672
7672 0
7673 212
7674 212
7675 244
7675 7674
7676 213
7676 7674
7678 352
7678 7677
7679 501
7679 7677
7680 269
7680 325
7681 325
7681 7297
7682 49
7682 270
7684 156
7684 6005
7685 314
7685 335
7686 5576
7686 6006
7687 1558
7687 5801
7688 314
7688 337
7689 314
7689 333
7690 314
7690 5502
7691 314
7691 1547
7692 314
7692 1548
7693 168
7693 314
7694 314
7694 1556
7695 314
7695 1565
7696 314
7696 5007
7697 314
7697 5008
7698 314
7698 5034
7699 314
7699 1563
7700 5605
7700 7084
7701 314
7701 5021
7702 314
7702 5012
7703 314
7703 5004
7704 314
7704 1554
7706 226
7706 5644
7707 20
7707 314
7708 314
7708 1559
7709 134
7709 314
7710 314
7710 1549
7711 314
7711 1552
7712 314
7712 1555
7713 314
7713 1546
7714 314
7714 1550
7715 314
7715 1557
7716 314
7716 5019
7717 314
7717 1561
7718 314
7718 1562
7719 314
7719 5593
7720 314
7720 1551
7721 314
7721 1553
7722 3
7722 314
7723 150
7723 314
7724 314
7724 1533
7725 122
7725 314
7726 124
7726 314
7727 314
7727 1534
7728 240
7728 7634
7730 298
7730 7634
7731 269
7731 5504
7732 220
7732 269
7733 219
7733 269
7734 221
7734 269
7735 269
7735 5031
7736 269
7736 5516
7737 269
7737 5519
7738 269
7738 5517
7739 269
7739 5518
7740 269
7740 1522
7741 232
7741 269
7742 233
7742 269
7744 244
7744 7661
7745 352
7745 7654
7746 88
7746 352
7747 352
7747 5551
7748 57
7748 252
7749 247
7749 326
7750 80
7750 252
7751 352
7751 361
7752 305
7752 7647
7753 7637
7753 7752
7754 7638
7754 7753
7755 7640
7755 7753
7756 7639
7756 7753
7757 7646
7757 7752
7758 7645
7758 7752
7759 7636
7759 7752
7760 7641
7760 7752
7761 7644
7761 7760
7762 7642
7762 7760
7763 7643
7763 7760
7765 49
7765 7298
7766 5576
7766 7535
7767 1558
7767 7468
7768 168
7768 7307
7769 337
7769 7307
7770 333
7770 7769
7771 1548
7771 7307
7772 1556
7772 7307
7773 1565
7773 7307
7774 5004
7774 7773
7775 5007
7775 7773
7776 5008
7776 7775
7777 5034
7777 7773
7778 1563
7778 7773
7779 5605
7779 7628
7780 5021
7780 7773
7781 5012
7781 7773
7782 1547
7782 7307
7783 1554
7783 7307
7785 20
7785 7307
7786 226
7786 7503
7787 156
7787 7534
7788 1559
7788 7307
7789 134
7789 7307
7790 1549
7790 7307
7791 1552
7791 7307
7792 1555
7792 7307
7793 5502
7793 7307
7794 1546
7794 7307
7795 1550
7795 7307
7796 5593
7796 7307
7797 1557
7797 7307
7798 5019
7798 7307
7799 1561
7799 7307
7800 1553
7800 7307
7801 1562
7801 7307
7802 1551
7802 7307
7803 3
7803 7307
7804 150
7804 7803
7805 335
7805 7307
7806 1533
7806 7307
7807 122
7807 7806
7808 124
7808 7807
7809 1534
7809 7806
7810 240
7810 7635
7811 298
7811 7635
7812 220
7812 7297
7813 219
7813 7812
7814 221
7814 7813
7815 5031
7815 7297
7816 5516
7816 7297
7817 5519
7817 7816
7818 5518
7818 7816
7819 5517
7819 7816
7820 1522
7820 7816
7821 5504
7821 7297
7822 232
7822 7297
7823 233
7823 7822
7824 57
7824 251
7825 248
7825 326
7826 80
7826 251
7827 88
7827 501
7828 5551
7828 7827
7829 213
7829 7661
7830 501
7830 7654
7832 361
7832 501
7833 7322
7833 7647
7834 7637
7834 7833
7835 7638
7835 7834
7836 7639
7836 7834
7837 7640
7837 7834
7838 7646
7838 7833
7839 7641
7839 7833
7840 7644
7840 7839
7841 7643
7841 7839
7842 7642
7842 7839
7843 7645
7843 7833
7844 1120
7845 7455
7845 7844
7846 1254
7846 7844
7847 1115
7848 7450
7848 7847
7849 1249
7849 7847
7850 361
